1312707600 2
1312707600 2
1312707600 2
1312707600 2
1312707600 2
1312707600 2
1312707600 2
1312707600 2
1312707600 2
1312707600 2
1312707600 2
1312707600 2
1312707600 2
1312707600 2
1312707600 2
1312707600 2
1312707600 2
1312707600 2
1312707600 2
1312707600 2
1312707600 2
1312707600 2
1312707600 2
1312707600 2
1312707600 2
1312707600 2
1312707600 2
1312707600 2
1312707600 1
1312707600 1
1312707600 1
1312707600 1
1312707600 1
1312707600 1
1312707600 1
1312714144 1
1312714175 2
1312714177 2
1312714181 2
1312714280 2
1312714416 2
1312714420 2
1312714422 2
1312714425 2
1312714427 2
1312714699 1
1312714703 2
1312714798 1
1312714904 1
1312714906 2
1312714910 2
1312714911 2
1312715037 2
1312715132 2
1312715368 2
1312715468 2
1312715471 1
1312715565 1
1312715566 1
1312715724 1
1312715725 1
1312715936 1
1312715940 1
