# input random
   0    0    0  127    0    0    0    0 
  52    0   28    0    0    0    0   62 
   9   21   62   43    0    0    0    0 
   8   64   57    0    0    0    0   13 
   8   73    0    0    0    0   12   56 
   0    0    0    0    0   23   76   47 
  17    0    0    0    0   71   39    0 
   0    0    0    0   92   49    0    0 
# input straight
   0    0    0  127    0    0    0    0 
  56    0   27    0    0    0    0   72 
  13   24   58   50    0    0    0    0 
   4   59   60    0    0    0    0   20 
   5   56    0    0    0    0   16   60 
   0    0    0    0    0   16   71   44 
  15    0    0    0    0   70   42    0 
   0    0    0    0   83   42    0    0 
# output random
  77   69    0   21    0    0    0    0 
   0   53   51   37    7    0    0    0 
   0   48   53   60    6    0    0    0 
   0    0   53    8   17   48    0   30 
   0    0    6   31   59   31   35   28 
   0    0    0    0    0   89   53   36 
   0    0    0   85    0    0   79    0 
   0    0    0    0    0    0    0  127 
# output straight
  96   72    0   24    0    0    0    0 
   0   62   65   50    9    0    0    0 
   0   54   53   64    5    0    0    0 
   0    0   53    9   22   51    0   32 
   0    0    7   26   50   32   31   19 
   0    0    0    0    0   76   47   30 
   0    0    0   75    0    0   74    0 
   0    0    0    0    0    0    0  127 
