# input random
   0    0    0   73    0    0    0    0 
   0    0    0    0    0    0    0   86 
   1    0    0   73    0    0    0    0 
   0    0   59    0    0    0    0   16 
   0   63   15    0    0    0    0   10 
   0   19    0    0    0    0    0   54 
  46    0    0    0    0    0   21    0 
   0    0    3    0    0   43   46    0 
  30    0    0    0    0   35    4    0 
   0    0    0    0   72    2    0    0 
# input straight
   0    0    0   87    0    0    0    0 
   0    0    0    0    0    0    0   85 
   1    0    0   82    0    0    0    0 
   0    0   65    0    0    0    0   14 
   0   54   13    0    0    0    0   10 
   0   20    0    0    1    0    0   50 
  38    0    0    0    0    0   30    0 
   0    0    1    0    0   29   38    0 
  28    0    0    0    0   38    1    0 
   0    0    0    0   64    1    0    0 
# output random
  78    0    0    0    0    0    0    0 
   0   63    0    0   36    0    0    0 
  19    7   66    0    4    0    0    0 
   0    0    7   47   46    0    0    0 
   0   13    0   36   50    0    0    0 
   0   13    0   11    0   46    0   31 
   0    0   21    0    0   20   39    5 
   0    0    0    0    0   28   29   45 
   0    0    0   69    0    0   19    0 
   0    0    0    0    0    0    0  100 
# output straight
 104    0    0    0    0    0    0    0 
   0   71    0    0   31    0    0    0 
  24    7   66    0    2    0    0    0 
   0    0    9   48   40    0    0    0 
   0   11    0   37   46    0    0    0 
   0   12    0   11    0   46    0   24 
   0    0   22    0    0   24   40    5 
   0    0    0    0    0   21   29   38 
   0    0    0   67    0    0   21    0 
   0    0    0    0    0    0    0   83 
